% -------------------------------------------------------------------
%  Generated by MATLAB on 29-Mar-2022 20:37:57
%  MATLAB version: 9.10.0.1710957 (R2021a) Update 4
% -------------------------------------------------------------------
                                          

bestPath = [25 32 50 29 47 30 34 42 28 46 48 33 38 45 27 39 44 40 37 49 ...
            36 8 16 21 7 14 22 17 24 2 12 6 15 3 11 20 19 23 4 10 9 13 ...
            1 5 18 26 31 43 35 41];

